50 100 50
5
6
5
13
12
6
5
5
12
7
1
12
6
2
5
3
1
8
2
15
15
11
3
13
11
4
1
6
4
8
8
3
4
12
4
6
12
14
6
15
6
14
6
3
8
11
14
11
1
3
9
10
8
9
10
14
15
12
13
2
15
12
7
5
13
2
8
13
1
4
2
11
15
8
14
10
14
2
5
3
11
6
14
15
9
4
6
1
14
6
4
13
6
8
5
1
13
6
13
12
9 88 79 85 75 62 53 89 70 81
8 54 70 84 72 75 52 73 78
3 68 82 86
5 56 89 59 54 71
5 62 79 82 54 89
5 54 73 75 90 65
8 70 81 78 75 53 73 86 90
2 67 61
3 78 72 66
1 72
3 72 73 85
2 65 64
4 64 53 79 88
1 64
1 59
10 58 79 57 53 75 63 85 89 71 73
8 67 64 74 58 90 76 72 57
8 88 79 54 75 56 85 55 74
3 60 62 78
3 61 84 83
7 62 55 63 80 82 60 84
6 76 71 87 89 67 63
10 56 51 75 80 90 65 88 73 57 71
10 71 61 81 73 60 76 74 59 79 65
3 69 67 62
2 68 54
8 72 66 60 81 71 67 87 75
3 63 60 72
5 75 77 62 84 76
1 70
10 82 54 63 58 72 66 90 83 69 88
3 58 85 77
8 76 89 83 70 56 86 52 67
7 80 59 57 56 79 89 77
7 88 72 54 51 81 89 67
3 68 86 81
9 67 58 80 77 81 61 76 52 84
6 53 88 70 57 85 55
2 57 72
6 68 78 89 77 72 79
5 69 68 57 61 83
6 85 66 89 67 53 55
8 75 79 62 88 77 71 68 78
3 70 58 57
4 77 60 72 63
1 61
4 79 65 86 83
10 89 81 64 61 85 77 76 69 58 70
8 51 85 84 73 53 68 72 75
8 74 61 88 83 86 76 59 58
8 67 65 80 62 99 106 83 81
16 80 105 64 67 86 102 73 79 70 74 92 97 100 83 56 78
13 56 79 74 94 54 80 64 82 101 88 90 92 62
18 101 84 62 85 75 59 87 92 58 66 107 96 93 63 76 104 81 60
2 88 86
3 77 69 80
2 75 73
15 94 80 86 75 64 72 61 79 101 97 111 87 110 84 66
7 69 105 68 66 112 79 101
11 113 83 63 108 84 71 72 61 107 79 91
9 101 74 100 64 114 78 68 79 98
8 69 70 64 71 87 90 74 84
5 107 100 112 116 115
17 75 79 80 103 82 94 68 93 91 73 110 83 65 71 87 112 67
3 117 81 68
9 72 106 68 74 87 114 80 112 99
1 112
4 119 89 90 115
5 106 86 110 80 78
9 112 110 85 79 114 103 116 77 87
1 88
7 79 120 89 109 105 84 90
15 91 99 82 83 103 123 111 110 84 118 124 101 119 74 97
7 123 125 101 120 78 84 87
2 113 106
5 131 91 96 98 95
6 96 95 118 110 109 126
10 123 84 89 117 125 92 93 121 90 130
7 88 126 99 102 103 110 129
10 119 93 87 134 113 117 92 83 85 104
5 118 119 89 85 111
2 90 125
9 89 113 138 134 109 132 111 117 137
1 129
17 136 91 135 134 102 88 119 96 105 117 128 120 139 93 111 113 103
3 141 101 106
9 102 136 105 106 116 93 97 90 133
4 117 99 112 93
13 136 108 93 120 124 99 138 139 107 118 90 131 134
6 113 112 107 94 127 132
2 106 95
11 131 144 103 135 115 119 134 116 123 121 104
9 133 123 125 113 122 120 143 102 148
8 124 146 135 149 112 116 110 125
1 149
12 100 107 147 141 133 151 139 115 112 113 146 97
16 131 142 105 123 137 110 119 151 117 114 106 125 116 107 149 122
14 124 113 137 144 105 130 126 149 135 114 140 153 125 128
8 134 130 112 110 104 120 140 147
2 155 149
3 151 105 136
5 118 110 115 111 133
9 148 152 122 106 150 128 157 113 119
1 121
9 141 133 158 143 147 117 111 121 146
2 116 150
8 127 122 125 137 152 110 161 133
16 121 122 136 156 155 109 157 138 130 143 132 151 111 129 110 119
1 125
16 140 131 111 153 161 156 159 135 152 112 146 163 157 114 139 120
8 124 156 153 165 162 140 143 157
4 148 158 161 141
17 154 149 145 159 162 138 128 141 126 153 140 137 131 156 116 134 167
5 117 146 122 128 155
17 150 154 149 151 121 130 143 117 118 147 128 148 131 157 155 135 132
12 117 144 151 124 139 120 165 121 156 119 167 131
5 129 151 119 144 121
6 129 148 143 120 140 121
16 121 163 127 143 133 122 172 160 138 137 148 156 164 151 134 165
3 152 127 133
2 160 173
18 171 140 156 130 165 126 157 149 167 141 174 159 128 175 176 129 166 142
16 178 165 169 140 163 133 154 128 172 153 141 174 176 138 175 157
1 130
14 150 158 163 133 138 141 154 164 130 169 172 161 175 156
14 136 150 140 155 151 176 180 171 137 175 145 152 165 133
16 131 172 180 149 167 150 171 132 129 163 166 179 177 145 128 164
9 140 167 160 182 158 142 138 162 176
13 178 160 131 143 140 145 162 167 173 138 172 150 182
9 134 142 162 136 175 150 184 168 156
17 134 154 169 160 149 186 179 166 177 156 181 168 170 157 148 161 178
14 177 184 162 149 135 141 169 150 156 168 152 159 153 133
6 175 163 145 143 164 172
17 180 169 145 176 182 184 143 185 189 171 158 183 159 166 165 146 136
10 181 163 166 179 172 151 141 165 152 175
3 140 186 142
3 157 156 183
6 152 141 166 159 183 162
8 182 171 146 145 150 143 159 152
4 175 161 180 166
15 171 188 158 186 162 177 185 146 191 153 143 145 165 168 142
5 145 171 153 178 175
13 184 198 167 186 150 146 187 173 170 171 145 195 166
16 184 180 157 194 192 162 150 153 188 151 154 166 195 156 170 160
1 149
16 188 191 176 175 169 165 194 184 177 167 159 198 164 187 179 156
8 195 161 153 159 186 162 152 188
15 179 169 161 156 172 170 183 199 196 149 157 171 190 174 160
15 156 155 163 164 168 191 196 165 171 190 188 152 153 162 178
2 159 179
