30 70 30
1
2
3
2
1
1
2
1
1
3
3
1
1
2
3
2
2
1
2
3
1
2
1
1
3
2
3
2
1
1
1
1
1
3
3
3
2
2
3
1
1
2
1
2
1
2
2
2
3
2
2
3
1
2
3
2
1
2
3
3
3
3
3
1
2
2
3
2
2
2
10 45 31 55 54 49 64 47 33 44 40
2 38 52
8 39 38 61 59 53 58 57 35
5 63 39 38 54 36
3 34 43 57
18 46 41 34 36 50 44 37 40 63 58 56 39 32 31 43 57 47 54
14 44 59 43 55 37 57 31 56 63 41 33 64 34 52
17 36 55 31 60 44 49 38 56 64 42 61 37 48 35 39 33 63
15 63 39 51 50 49 59 31 55 48 40 47 57 58 52 45
10 46 31 42 60 58 61 50 56 49 65
18 48 44 43 46 34 56 57 53 60 58 55 36 40 42 61 49 31 47
10 47 55 43 35 38 54 40 63 52 61
10 57 35 40 31 55 62 39 47 44 49
9 50 60 57 52 64 46 37 43 53
11 34 48 36 35 56 59 55 53 33 39 64
5 44 42 36 56 40
2 64 56
17 42 40 34 35 33 31 45 58 55 50 60 36 53 56 51 39 47
6 32 58 50 51 59 53
4 64 53 41 42
7 58 32 48 43 46 49 42
11 39 62 65 36 46 59 54 42 57 49 48
16 44 31 45 64 58 55 51 40 61 33 37 63 52 60 65 56
2 51 60
2 39 34
11 48 41 33 51 64 56 61 47 63 40 31
18 60 64 31 38 47 54 56 46 62 36 55 50 59 34 41 35 52 43
4 62 52 63 32
2 36 53
6 42 58 45 57 63 44
13 53 50 59 34 72 37 48 43 54 49 36 75 44
7 34 66 72 68 39 65 37
6 60 61 72 68 35 75
5 41 44 39 40 58
5 46 75 53 64 40
8 55 65 72 79 67 48 41 37
3 61 58 72
7 41 76 68 71 50 77 63
3 50 40 59
7 81 56 53 82 45 52 46
15 66 75 48 70 50 60 85 54 69 49 80 43 45 53 56
1 74
13 64 70 85 81 75 52 68 60 76 65 46 78 77
12 52 62 67 73 60 83 76 71 57 45 80 56
13 84 82 90 61 51 47 67 85 59 50 81 75 89
15 76 67 86 47 50 65 54 80 49 73 81 85 55 91 74
3 53 74 62
4 93 75 55 77
12 73 66 68 94 50 57 70 63 54 90 69 93
10 87 89 94 84 54 86 63 64 78 66
11 80 60 70 71 72 64 89 69 82 95 57
13 90 65 60 77 61 75 83 54 92 68 57 59 86
8 91 96 69 86 59 80 73 57
4 80 55 57 68
12 58 81 88 93 71 73 83 74 56 57 91 79
1 80
7 60 70 85 84 93 90 87
12 86 93 99 72 59 89 96 66 74 87 92 79
15 68 78 64 85 77 79 62 98 60 93 84 86 88 67 97
3 67 97 75
1 72
11 80 104 98 100 107 77 94 96 93 65 70
12 82 107 103 83 72 74 98 69 71 64 95 65
12 77 82 93 73 84 72 91 80 68 102 96 104
5 83 77 88 76 90
13 70 110 84 92 79 105 102 111 75 109 106 81 104
7 82 92 70 98 108 104 103
2 75 109
9 96 85 74 79 101 80 99 111 76
5 79 100 82 98 108
14 114 93 115 94 111 89 91 108 98 86 96 76 113 102
4 90 116 76 108
7 118 97 83 101 99 92 112
3 104 97 112
12 101 77 113 97 103 85 86 87 76 83 110 112
13 99 115 120 83 94 121 89 107 109 96 101 90 81
10 78 93 79 81 90 96 115 120 84 101
7 89 84 95 100 107 106 82
1 119
12 122 124 83 119 92 90 87 95 106 100 112 125
14 100 108 121 85 94 123 118 111 95 101 114 120 102 87
11 91 119 125 96 94 123 117 112 115 118 84
2 91 128
2 104 86
7 103 97 128 106 90 129 88
3 101 120 90
14 93 98 99 97 106 103 130 112 90 126 121 128 108 91
6 111 93 119 125 113 118
1 94
14 114 98 110 92 105 111 130 104 118 96 99 107 117 125
15 129 99 112 124 116 113 127 105 106 111 92 130 108 93 110
6 95 120 100 116 103 124
1 102
13 122 97 113 103 114 98 130 109 100 115 96 118 111
11 108 96 121 129 106 97 124 128 130 101 109
6 123 117 130 115 129 111
11 128 115 123 118 111 101 104 112 105 103 109
6 119 112 127 122 116 113
14 114 102 107 101 103 126 130 109 128 104 119 117 105 127
15 124 103 120 122 108 121 127 114 118 113 117 112 109 115 125
