20 100 20
1
3
1
1
3
2
3
3
1
1
2
3
3
2
2
2
2
2
3
1
3
1
3
1
3
2
3
1
1
1
3
1
3
3
2
2
2
1
2
1
2
2
2
1
3
3
2
2
1
3
3
1
1
2
1
1
3
3
3
2
2
1
2
3
2
3
2
3
1
1
2
3
1
1
1
3
3
2
3
1
3
2
3
1
2
2
1
1
2
1
1
1
2
3
1
3
2
1
3
3
3 37 23 34
4 40 24 32 31
9 36 40 39 24 29 27 28 25 37
2 31 32
7 31 27 40 30 29 38 36
2 30 26
8 25 32 39 29 26 34 24 21
3 36 26 29
5 29 36 23 40 33
3 25 29 36
7 29 40 28 27 38 24 33
3 39 24 22
7 22 30 35 21 34 31 36
8 29 34 28 31 25 21 22 26
2 32 26
4 35 36 32 22
7 39 33 24 30 29 21 23
7 32 30 27 38 37 21 26
2 21 34
2 24 29
3 23 29 22
8 28 26 30 29 23 31 25 24
1 33
4 30 27 31 32
8 26 29 28 30 34 31 35 33
1 31
1 35
5 33 37 38 36 34
2 34 37
4 39 31 33 38
4 34 35 40 39
9 35 34 38 33 42 36 39 41 37
3 42 34 38
5 35 37 39 41 36
7 40 43 41 39 38 45 44
9 43 39 42 44 40 45 41 37 46
1 41
6 40 46 45 43 44 39
5 46 42 48 41 44
8 46 50 45 48 47 42 44 43
8 46 51 48 43 50 47 42 44
8 49 45 52 44 46 48 50 43
3 48 52 53
6 50 45 46 52 49 51
7 55 50 46 54 53 52 49
2 53 47
3 52 54 50
4 54 57 52 55
2 50 55
8 52 51 57 55 58 59 56 53
1 59
2 59 56
1 54
5 56 63 64 62 55
3 56 64 58
1 62
2 67 60
2 61 68
3 67 61 65
7 64 68 66 69 62 70 63
8 64 62 65 63 67 66 68 70
6 65 69 68 72 64 63
5 72 68 73 70 69
6 71 66 65 68 74 67
5 67 72 73 68 71
2 74 76
6 76 74 71 77 68 73
1 71
9 74 79 77 71 72 75 78 73 76
8 71 80 78 74 75 79 76 72
5 76 77 74 80 73
3 82 74 77
9 75 78 81 79 80 82 77 76 83
2 80 82
9 84 85 83 81 79 77 82 76 78
6 82 78 81 77 84 80
7 78 84 80 86 82 81 79
4 88 83 79 81
4 87 88 84 85
1 82
3 89 87 91
4 92 88 83 89
6 84 86 88 91 92 93
7 94 88 89 91 93 87 85
8 86 92 94 95 87 89 90 93
9 96 95 94 87 93 88 91 92 89
3 93 96 90
3 98 90 96
6 90 94 92 93 98 97
4 100 96 98 92
4 95 96 94 99
8 96 101 102 93 94 100 97 95
2 102 100
5 97 96 103 95 102
2 97 105
5 98 104 103 106 100
3 99 106 98
6 108 99 102 105 101 104
3 100 107 103
8 110 108 105 102 103 106 101 109
1 102
6 108 104 111 106 105 109
8 111 109 105 106 107 104 113 110
5 111 113 114 106 109
1 109
5 114 109 112 115 113
5 114 109 117 108 113
5 113 109 117 116 115
5 118 111 114 115 112
5 113 116 114 117 118
5 115 116 117 113 118
4 120 114 122 118
3 117 120 118
3 123 117 122
4 120 121 123 124
8 117 123 118 121 125 126 120 124
5 125 124 122 119 123
9 123 125 127 122 121 120 126 128 124
4 121 125 124 129
2 128 121
