50 75 50
2
1
2
2
2
1
2
2
1
1
2
2
2
1
2
1
1
1
1
1
2
1
1
2
2
2
2
2
1
1
2
1
1
2
1
2
1
2
2
2
2
2
1
1
2
1
2
1
2
1
2
2
2
2
1
2
2
2
1
2
2
2
1
1
2
2
2
1
1
2
1
1
1
1
1
10 79 72 89 63 77 60 75 56 66 68
9 51 86 62 66 84 59 83 58 67
5 85 80 76 89 86
5 63 61 71 72 87
17 70 64 61 74 51 89 52 85 56 60 65 71 87 66 54 81 58
2 74 53
16 63 82 79 90 53 77 52 88 86 55 54 87 84 57 62 61
5 79 74 65 51 73
6 56 84 57 76 68 61
8 88 81 83 68 77 84 82 58
16 62 87 82 56 60 70 90 85 88 80 61 78 65 81 68 67
1 57
6 59 70 79 71 82 69
20 66 90 69 63 65 82 68 67 70 51 61 54 75 71 74 80 87 55 86 73
4 67 66 87 61
18 86 82 64 74 51 56 77 59 66 87 68 89 88 79 80 58 61 60
18 66 70 84 58 74 89 81 83 51 79 85 64 76 65 87 57 80 90
12 69 51 70 56 71 73 60 64 61 77 67 53
1 56
19 82 65 69 80 79 53 56 63 86 72 57 87 89 59 76 55 64 81 67
1 56
16 68 84 66 87 51 58 89 88 74 77 73 55 64 52 72 71
12 82 74 55 53 57 71 85 62 88 87 58 65
9 78 66 61 84 71 89 76 82 69
17 59 67 53 87 76 52 56 90 78 69 74 73 80 77 82 63 72
4 70 59 56 88
11 80 81 85 71 90 84 75 56 51 53 74
15 67 63 82 64 62 60 84 74 56 87 89 54 79 83 77
13 79 61 85 69 83 64 89 60 68 71 54 55 73
12 82 75 73 87 81 55 62 89 90 79 85 78
11 85 86 63 62 52 80 81 51 59 64 61
19 53 75 84 80 56 61 81 65 59 70 64 69 68 71 66 67 57 77 54
16 84 63 74 89 71 78 54 77 53 83 87 79 64 82 52 61
11 70 56 57 51 76 64 82 75 83 81 65
15 70 60 55 86 87 59 74 57 78 56 51 82 90 89 62
6 62 79 85 56 89 82
11 89 57 52 81 69 59 51 82 68 84 55
17 66 86 60 76 81 90 58 67 53 69 83 84 68 56 72 59 87
11 63 84 64 60 52 86 76 75 59 58 62
9 53 71 68 75 80 70 63 51 62
16 79 62 77 69 56 86 72 53 70 52 90 84 87 83 64 67
10 68 58 69 78 82 54 73 85 55 59
1 64
11 78 54 67 75 64 57 87 72 65 81 76
7 85 89 69 61 88 68 54
3 86 54 53
11 69 87 63 51 75 78 67 55 57 80 85
3 76 77 90
8 87 67 68 72 75 63 73 80
7 62 89 52 77 76 85 53
44 79 62 89 104 54 110 92 95 74 53 56 84 87 59 82 66 75 65 73 109 67 57 77 63 94 76 108 64 72 78 60 61 102 70 90 55 58 111 88 107 105 68 86 99
17 90 88 96 106 98 91 103 54 73 97 108 82 76 57 80 61 104
2 90 81
19 79 65 102 93 108 72 62 75 87 63 74 105 56 60 57 66 100 99 111
8 65 71 57 77 96 76 58 84
43 71 76 88 106 90 93 73 59 66 89 112 61 78 96 113 100 94 111 104 101 87 60 58 85 65 98 84 105 74 102 69 107 97 83 75 92 70 62 64 108 57 95 103
9 82 105 85 113 96 110 104 87 86
28 75 98 84 102 101 116 77 60 117 97 59 108 68 118 79 100 93 63 74 112 76 111 67 82 66 95 72 115
43 69 102 86 107 106 115 113 82 74 71 96 108 65 83 84 64 78 70 85 63 97 68 60 91 73 80 119 81 90 67 89 117 109 88 104 103 62 77 98 118 112 116 87
6 89 80 69 62 72 83
36 120 113 74 93 105 92 84 63 91 67 68 106 70 103 116 85 89 62 88 104 118 76 94 121 86 111 81 83 108 107 78 75 72 114 82 101
3 92 98 111
20 69 80 70 117 81 95 77 118 97 111 93 119 105 75 121 84 100 115 112 86
14 115 80 106 79 103 75 109 69 100 66 118 73 71 123
43 87 111 101 97 114 78 82 98 124 71 99 102 94 76 120 86 123 67 109 83 93 80 89 92 122 72 118 106 108 125 77 103 117 74 116 70 66 100 107 75 79 115 90
23 94 102 103 119 83 108 123 125 100 69 118 81 67 80 104 117 99 82 90 76 77 96 114
22 119 96 83 118 75 86 98 84 87 122 94 91 82 106 73 89 90 69 107 95 103 79
42 98 114 123 95 94 122 89 112 91 100 71 110 96 80 108 101 70 73 83 115 85 117 99 121 76 84 88 127 111 79 78 74 106 97 90 109 119 107 75 125 81 120
17 91 101 109 75 124 117 71 74 107 125 81 77 83 92 113 70 87
44 74 81 83 125 113 84 85 73 121 116 90 87 112 128 126 94 102 100 107 114 97 109 77 78 111 127 108 120 129 119 117 123 110 75 76 93 71 79 96 101 130 95 122 118
25 88 76 124 109 108 131 92 105 99 103 104 79 85 83 86 100 80 115 123 89 130 72 116 122 119
42 95 94 117 108 118 85 105 79 126 93 129 78 113 111 75 114 123 128 122 80 104 82 84 101 88 99 97 106 92 125 74 121 100 77 131 127 86 96 98 83 91 76
40 119 113 81 123 114 100 130 96 121 133 74 84 92 124 102 115 111 122 76 125 108 99 107 112 87 110 82 94 117 126 88 77 78 104 128 86 97 79 103 118
12 88 120 109 86 79 124 129 110 133 115 131 85
31 88 134 135 117 113 85 123 92 130 128 131 122 87 89 124 76 121 112 102 108 126 101 95 114 98 77 86 107 103 109 118
27 105 113 135 126 115 77 106 84 112 119 78 79 120 98 89 86 94 118 132 129 83 88 99 117 111 90 103
22 110 128 113 102 129 126 78 93 91 120 121 80 105 124 134 86 115 135 123 127 106 107
32 86 113 108 134 123 81 109 119 130 115 122 110 121 128 129 85 104 103 127 87 137 101 93 120 124 125 96 88 111 118 83 90
19 99 132 124 123 134 100 125 138 118 85 131 115 105 80 128 114 91 120 135
14 126 134 135 138 102 129 82 114 130 101 132 92 123 133
44 93 114 94 129 134 101 98 103 106 99 88 97 107 127 132 139 140 128 123 118 113 130 137 117 108 111 104 89 84 85 112 92 125 95 87 119 136 90 122 131 115 109 82 120
20 101 94 142 140 139 99 84 123 85 117 108 89 92 132 90 135 126 122 133 105
11 124 84 134 100 120 114 89 135 117 139 99
31 108 126 139 111 102 87 93 100 130 110 113 122 123 104 112 120 89 86 88 96 103 95 127 116 105 134 131 124 141 101 85
9 90 98 143 141 106 97 116 104 133
16 115 98 124 120 143 119 125 94 90 134 114 126 100 127 118 133
7 102 93 123 106 129 144 113
21 94 108 89 97 131 120 116 100 140 119 96 90 106 115 148 125 99 102 111 118 133
2 117 122
13 119 114 111 98 143 109 129 94 117 93 121 146 133
33 138 118 115 126 108 151 101 106 104 102 146 124 95 117 121 105 92 144 94 109 148 139 107 145 122 96 114 150 140 131 97 130 123
34 108 152 111 101 135 117 148 132 93 137 122 128 126 123 116 98 109 125 112 94 105 121 133 139 99 141 151 138 110 127 104 107 96 113
14 150 137 139 126 102 141 132 115 133 94 110 109 149 118
23 107 143 149 127 115 117 136 130 97 122 113 104 137 151 146 147 132 108 118 95 111 126 154
19 139 119 145 135 146 102 121 148 141 154 104 130 131 124 142 126 116 129 115
31 151 141 117 104 150 148 111 126 123 154 155 116 149 120 129 134 101 135 118 124 103 142 121 143 110 147 98 140 109 128 99
8 155 147 121 109 124 137 101 131
4 120 134 138 109
10 128 156 150 137 123 149 155 107 112 152
1 126
21 146 127 140 159 149 121 136 111 125 151 122 105 150 108 109 114 154 138 135 123 155
4 117 118 155 141
38 134 147 114 154 157 136 129 117 107 106 143 162 135 126 137 127 144 152 155 150 133 145 131 159 116 121 130 120 125 139 153 156 142 110 119 140 118 160
1 116
5 125 106 165 154 119
21 161 132 119 159 154 165 112 110 107 139 117 160 142 150 158 118 144 138 108 148 166
26 112 154 132 121 147 139 115 153 123 119 127 131 161 150 110 167 122 152 133 134 148 144 162 111 166 109
43 113 136 135 137 109 147 127 164 142 138 157 155 168 133 117 129 110 163 161 123 160 149 120 162 115 144 131 119 146 145 140 118 132 126 116 121 156 122 125 167 151 150 165
18 143 144 119 160 142 128 154 121 159 113 155 138 111 150 168 140 125 127
22 139 130 142 131 126 170 166 127 157 132 144 162 133 165 137 135 158 118 112 136 160 129
32 161 133 160 149 152 171 127 143 136 130 140 112 154 138 150 122 141 163 121 119 168 166 145 120 169 167 165 164 137 126 139 131
1 156
10 143 171 157 129 136 156 145 158 117 149
40 147 135 117 136 123 169 126 128 151 139 168 157 171 132 122 115 165 142 154 121 143 141 148 162 170 173 163 134 156 150 172 149 159 138 116 137 133 152 127 146
29 164 158 121 116 172 144 147 170 152 148 161 165 118 129 171 128 130 119 127 166 154 139 136 124 137 149 174 160 156
27 127 123 175 132 161 173 137 136 128 152 149 158 169 157 156 154 141 117 130 170 131 153 150 120 174 171 124
21 129 146 158 128 126 140 159 131 149 155 162 166 141 124 148 142 170 150 160 120 136
5 151 167 141 172 143
17 140 157 154 135 131 152 173 124 149 158 164 143 147 120 123 166 150
21 132 169 143 150 149 174 159 165 123 142 167 166 131 162 145 172 137 153 128 170 141
25 126 123 174 148 133 171 158 173 128 151 136 139 167 161 154 164 156 170 162 129 137 157 124 141 175
6 127 150 162 128 146 133
40 125 133 156 134 132 175 129 166 168 152 139 172 143 163 130 124 150 136 145 131 147 173 135 159 162 167 142 153 141 149 169 126 151 174 170 158 171 137 127 165
16 146 125 139 167 163 151 155 174 171 150 157 158 172 148 152 134
43 150 165 158 149 129 134 166 161 172 132 154 169 130 140 135 153 168 159 170 155 147 171 146 143 148 157 151 126 128 141 174 163 162 138 156 173 133 136 145 144 127 167 164
