50 100 50
0
0
1
0
0
0
1
0
0
1
1
1
0
0
1
0
0
0
0
0
1
1
1
1
1
0
1
1
1
1
0
1
0
1
1
0
0
1
0
0
1
0
1
1
1
1
0
0
1
0
1
1
0
0
0
1
0
1
0
0
0
1
0
1
1
0
0
0
1
1
1
1
1
1
1
1
0
1
0
0
0
1
0
0
0
1
0
0
0
0
1
1
1
1
0
0
1
0
1
0
7 120 76 113 123 86 73 108
5 126 106 110 142 85
7 70 51 118 52 90 146 72
5 143 127 113 83 103
20 138 129 71 107 105 113 114 55 63 141 144 148 76 99 110 73 90 121 150 57
5 134 89 61 145 54
6 147 114 105 108 58 117
14 129 93 65 113 71 61 118 143 99 121 91 124 82 74
13 122 73 125 67 94 78 103 82 104 131 84 113 102
17 61 86 134 149 62 71 145 138 80 58 83 59 91 119 54 137 77
10 67 57 124 130 60 62 79 142 106 138
7 130 99 142 98 100 89 114
6 73 106 89 76 54 84
6 110 77 96 149 87 134
4 62 117 123 130
19 80 131 67 63 73 122 143 118 66 72 53 119 134 130 83 106 135 102 120
3 59 92 111
15 97 127 61 142 95 143 130 92 105 119 72 125 147 77 110
7 130 95 61 56 113 93 131
15 94 84 66 125 63 123 122 82 57 67 75 81 89 144 114
3 65 103 55
5 94 68 95 140 150
18 84 107 55 114 73 104 86 99 92 127 64 141 83 145 110 56 116 93
2 128 73
18 122 110 97 92 125 112 98 59 120 54 96 60 74 71 133 136 78 127
7 61 70 104 125 115 100 81
11 68 99 108 93 77 59 76 144 106 110 63
5 121 133 62 142 128
5 118 102 107 92 79
1 150
4 115 139 90 103
6 136 74 117 109 67 128
19 93 111 117 128 145 77 88 139 65 115 53 91 90 61 62 138 131 52 124
8 89 116 92 132 55 82 72 85
9 146 77 117 141 58 134 73 126 110
7 94 140 61 62 126 117 98
5 87 124 128 150 115
19 93 122 128 118 98 144 57 147 73 123 140 107 133 75 81 104 86 89 124
4 107 74 87 76
9 131 53 147 138 64 123 56 144 120
4 147 88 136 57
2 53 122
10 67 113 106 69 143 77 128 141 57 56
17 68 89 54 124 116 80 146 120 69 95 126 96 113 52 99 79 101
19 73 145 55 101 144 68 51 138 71 118 52 116 125 104 84 92 80 66 67
7 125 70 122 150 104 97 74
5 56 135 148 129 103
3 64 67 100
3 98 125 85
18 92 86 58 61 135 129 120 69 87 143 148 82 110 107 115 65 117 122
16 124 129 146 74 75 145 102 78 120 117 79 119 112 58 116 93
43 128 88 73 149 150 117 125 134 83 110 86 53 72 137 63 146 97 111 143 68 80 74 147 122 101 61 92 152 138 124 116 112 142 57 109 60 79 119 58 89 100 115 126
14 115 90 120 62 110 132 82 107 134 150 148 142 124 67
66 146 87 137 89 149 85 144 115 70 61 125 150 90 101 74 151 102 154 153 82 77 148 79 136 64 100 84 140 81 108 112 65 109 94 78 130 96 105 111 133 152 129 110 92 124 131 138 123 114 104 56 113 147 58 128 134 142 143 97 80 120 121 107 63 55 119
15 121 85 139 110 119 136 138 63 116 103 104 118 98 80 87
73 143 75 148 106 150 125 132 120 84 110 97 134 61 77 122 136 121 116 141 117 144 85 153 70 147 88 67 133 123 57 63 128 78 124 100 137 96 80 98 68 90 105 62 82 114 155 64 113 102 93 92 89 119 131 115 138 111 142 104 71 126 81 130 73 91 140 69 108 129 76 94 72 127
44 133 134 98 145 77 80 86 139 108 126 91 69 147 72 105 113 154 153 96 117 61 109 93 132 130 121 104 111 78 90 101 71 59 110 73 74 115 137 70 124 141 120 116 62
86 89 115 111 70 142 138 91 106 119 80 145 112 67 75 144 132 116 118 117 146 61 131 84 72 122 158 77 97 99 86 141 134 94 64 59 103 82 62 74 129 107 154 63 133 137 135 79 123 96 104 83 113 87 88 60 68 101 125 124 155 81 100 110 109 156 71 150 92 90 157 151 126 69 153 143 140 66 128 114 149 105 93 136 65 73 78
91 93 156 70 107 61 112 157 64 121 118 98 149 136 144 140 152 105 117 127 67 78 62 91 139 143 134 100 129 122 75 124 126 96 150 153 155 85 72 154 69 114 60 80 101 81 141 110 73 116 119 146 84 74 145 158 77 135 142 90 132 106 108 159 128 130 83 71 111 147 66 102 120 76 115 151 104 138 97 65 148 95 131 92 86 88 125 123 89 99 87 113
32 108 62 98 137 73 77 130 132 134 123 72 81 139 95 97 155 138 103 133 119 84 63 111 75 90 106 104 142 66 80 128 86
78 122 156 98 93 82 114 97 83 127 135 87 71 86 76 128 161 131 150 112 140 155 88 120 101 75 144 160 116 149 104 78 72 126 67 108 103 115 99 95 111 158 68 102 132 123 117 136 90 64 79 138 110 130 141 154 159 137 113 133 142 107 106 146 148 77 65 89 153 66 84 151 69 63 121 100 81 129 124
84 150 69 90 92 160 130 153 81 63 118 65 75 70 109 121 106 117 76 84 138 97 116 77 124 99 145 83 98 141 148 95 111 162 125 96 140 103 151 91 68 73 126 136 129 112 123 82 80 88 128 110 149 132 152 105 89 135 137 94 159 107 71 86 139 158 157 66 131 120 133 72 142 93 144 102 154 87 155 156 74 119 146 134 122
70 85 101 153 154 148 163 66 147 159 67 71 125 134 121 65 98 124 76 155 68 115 103 80 139 99 83 151 102 95 127 138 73 136 105 75 93 112 77 69 91 90 146 88 142 122 141 120 150 82 74 116 72 119 126 96 79 133 106 78 144 129 84 140 110 109 161 132 158 152 113
4 131 73 70 134
46 142 89 91 75 140 92 105 123 81 134 138 116 133 141 114 95 66 99 162 79 132 150 84 139 121 156 98 151 146 149 85 160 153 100 68 86 137 125 106 130 164 152 124 144 120 94
61 105 162 106 138 83 109 132 108 87 147 93 118 156 149 94 134 140 111 85 119 88 143 135 150 158 127 114 107 68 159 152 70 84 165 145 153 82 92 160 121 98 164 142 129 137 136 126 155 104 86 75 103 116 139 79 144 101 122 157 80 117
68 164 134 68 78 104 139 70 126 91 144 99 165 82 147 152 157 138 107 140 97 85 135 123 101 79 154 114 110 160 93 146 87 127 143 148 80 161 121 109 95 90 137 98 129 115 84 77 69 122 86 113 167 76 133 125 100 81 118 103 112 71 96 151 155 145 159 136 130
87 76 147 161 121 92 168 77 126 116 133 137 83 97 163 106 88 136 120 128 142 82 156 102 100 90 115 78 145 150 123 125 84 69 79 74 159 141 146 164 113 167 80 70 129 91 95 144 127 162 101 130 118 111 96 158 75 89 139 124 107 166 122 135 104 110 99 87 148 81 114 165 94 86 132 105 72 151 140 149 73 117 103 109 160 157 138 143
26 97 105 118 119 87 88 79 156 81 140 168 126 117 128 90 83 100 129 120 151 127 109 157 101 93 153
20 97 168 105 139 109 111 145 164 106 160 107 169 110 133 154 85 170 144 104 72
100 164 85 162 83 157 150 110 153 95 88 159 131 76 73 97 138 163 160 161 147 86 91 112 118 156 105 129 109 117 133 107 143 166 148 77 137 82 113 124 168 84 89 116 135 144 169 171 119 142 96 99 154 167 121 79 78 98 145 126 170 165 106 130 90 120 151 103 136 102 93 125 134 87 74 75 132 152 92 114 111 94 146 108 158 101 155 139 115 141 127 100 81 149 140 122 80 72 123 104 128
4 157 165 147 91
15 77 90 160 104 136 97 130 120 147 153 83 159 144 124 82
7 117 97 98 173 86 91 167
42 79 160 130 92 166 170 161 117 174 173 155 108 150 80 97 128 104 156 82 119 171 106 157 107 116 167 111 137 112 103 77 96 86 144 95 165 142 115 134 172 90 91
7 143 116 171 78 96 80 147
26 140 145 137 131 107 114 99 153 134 89 141 88 79 117 103 148 165 95 161 116 149 135 122 124 83 160
69 123 95 91 151 156 124 106 134 137 162 108 128 82 101 102 85 121 139 114 158 140 90 81 146 117 111 172 141 105 153 164 100 110 168 166 96 135 116 160 149 115 122 171 177 80 170 163 131 127 107 147 150 154 174 84 83 132 167 169 89 165 126 120 155 159 86 129 97 143
62 100 119 150 155 97 84 152 171 165 111 123 176 156 88 109 106 160 134 141 132 105 144 168 102 85 179 140 164 107 114 172 108 115 116 96 95 89 92 80 147 131 125 170 136 149 177 90 137 130 174 82 104 167 93 126 128 169 162 124 135 138 133
98 85 120 146 136 96 86 169 94 140 173 82 90 101 163 127 111 106 138 176 99 130 81 179 144 156 117 124 132 159 112 91 87 148 129 168 170 102 172 122 153 119 164 109 131 149 152 121 92 83 108 145 154 137 134 128 84 162 174 147 98 89 114 113 115 95 180 141 160 118 125 155 107 103 161 133 150 104 175 143 88 177 158 157 97 165 139 123 151 135 126 110 142 116 171 100 167 93 166
11 102 140 135 176 163 124 101 175 157 121 139
47 158 176 101 128 104 115 95 136 174 119 179 163 111 125 90 103 175 169 122 83 94 148 166 177 145 161 171 152 138 144 108 84 113 86 170 181 107 155 131 139 146 140 173 117 96 141 112
14 134 121 110 116 139 112 92 102 131 103 168 93 88 174
2 183 150
30 165 147 98 160 88 142 109 108 105 100 171 168 132 174 101 97 127 113 96 99 112 157 150 137 161 182 172 164 163 106
72 150 171 102 182 136 111 108 152 148 164 174 183 158 87 166 168 129 161 93 112 106 109 107 96 178 94 133 121 139 169 110 100 118 130 154 88 176 119 155 147 91 114 95 113 159 157 151 97 116 103 153 117 131 167 180 172 140 173 135 90 160 120 163 123 156 184 181 165 177 105 101 115
48 155 154 151 130 179 110 131 113 186 143 165 139 135 93 175 184 92 176 132 169 160 128 106 107 181 144 162 91 90 166 99 148 145 102 172 88 158 121 140 112 94 126 138 183 177 152 182 159
89 97 181 175 142 155 91 173 188 160 139 118 156 112 158 144 177 104 179 137 102 99 184 130 115 172 103 162 110 121 170 106 109 148 129 176 116 134 168 141 114 171 185 163 93 92 108 146 153 101 147 128 151 136 140 119 167 183 133 89 107 149 169 95 154 138 180 159 123 98 100 105 94 127 143 187 150 165 161 122 125 120 135 96 111 124 145 90 164 113
62 153 132 101 100 121 147 162 103 169 120 148 94 180 123 116 111 105 131 142 108 125 172 146 178 157 98 104 126 150 167 141 139 115 188 122 127 170 140 134 136 186 189 165 171 183 135 145 137 181 130 114 119 118 106 133 179 154 107 97 173 93 184
71 120 180 106 165 102 143 148 190 127 151 117 187 157 150 146 137 112 152 119 108 91 138 115 174 110 101 93 147 130 131 123 118 103 141 163 92 95 166 182 136 122 185 145 140 179 161 116 177 171 155 114 128 164 144 142 107 139 99 158 129 109 98 111 156 181 173 170 169 176 178 167
35 114 100 135 134 177 147 93 104 130 123 138 97 154 168 186 116 172 146 173 183 120 119 170 145 178 115 176 189 155 117 144 151 99 103 95
52 112 165 109 178 134 174 179 166 145 149 146 170 190 136 172 159 162 142 132 124 103 144 185 188 116 126 184 129 139 158 114 147 122 113 94 93 128 130 156 138 106 192 141 154 160 127 131 120 189 181 111 176
84 96 171 147 136 130 94 146 162 169 164 145 109 166 107 154 188 192 140 119 175 155 105 126 112 179 191 173 180 99 97 106 95 163 131 125 177 103 132 150 128 118 111 142 108 160 102 124 174 187 120 129 184 100 113 139 167 165 172 135 153 176 182 185 157 127 115 104 143 181 158 121 110 170 134 137 117 122 148 114 116 183 138 190 133
64 123 141 108 152 164 176 171 156 104 131 174 162 102 138 193 161 139 163 134 165 99 115 170 190 126 98 103 177 147 109 114 97 179 142 113 173 95 96 107 105 110 158 166 181 153 144 119 192 169 159 149 124 122 125 101 120 112 133 194 185 132 168 130 151
94 137 161 171 124 173 159 158 142 166 167 101 143 186 185 155 152 147 127 138 99 108 160 192 164 169 100 178 170 105 156 157 96 132 168 109 140 181 177 112 120 135 154 165 106 133 110 128 175 151 191 111 102 172 190 180 184 162 113 149 121 117 104 136 179 194 122 189 103 141 139 163 144 107 114 150 195 193 123 98 97 129 119 146 116 134 131 188 174 145 126 182 183 115 125
86 162 148 146 173 172 134 107 125 122 131 144 136 141 188 185 120 145 181 161 154 100 160 158 106 135 109 108 175 166 121 147 149 138 105 150 189 176 196 177 102 139 168 137 159 110 195 151 123 117 143 114 187 180 184 169 133 182 152 153 186 132 171 194 116 113 101 170 192 118 165 178 193 164 103 124 156 140 128 142 157 190 115 183 112 104 99
97 144 159 143 126 101 188 125 117 123 140 107 142 166 154 173 191 122 119 106 118 178 148 182 112 158 184 181 168 111 146 156 132 120 124 139 114 109 185 165 195 134 103 98 138 115 179 110 100 150 135 131 145 164 161 102 136 163 193 192 194 187 141 176 121 172 170 155 129 177 108 105 104 167 128 180 152 116 171 196 137 160 189 190 153 174 183 157 133 151 149 113 169 147 162 127 197 186
10 182 159 163 130 128 168 139 111 194 165
98 141 160 148 101 107 125 152 144 145 109 120 176 135 134 127 184 139 122 169 103 106 161 159 108 196 102 192 185 138 168 166 170 162 113 190 119 121 116 149 179 153 150 136 112 172 194 178 189 164 182 151 173 147 130 110 137 193 143 180 171 100 117 131 177 132 118 142 167 175 198 128 104 133 163 157 126 186 124 199 111 156 183 140 195 165 105 188 114 181 154 155 123 115 187 197 191 146 174
40 101 176 174 143 171 138 166 131 110 152 124 151 146 115 183 107 120 147 164 141 170 177 178 132 133 144 184 175 114 188 128 116 140 172 105 134 103 185 145 160
94 184 136 144 178 121 124 113 141 152 117 115 181 133 197 165 193 109 200 182 125 158 189 186 164 128 104 188 180 145 137 195 135 166 149 139 168 138 123 108 119 131 118 114 146 130 155 173 179 171 161 129 147 110 142 107 187 160 183 112 198 157 126 162 122 177 102 169 134 140 175 153 199 192 172 174 154 127 103 170 143 120 132 106 185 105 191 176 116 163 150 167 111 190 151
87 154 121 196 164 129 165 180 119 182 110 144 199 183 106 139 137 140 158 152 198 117 131 133 178 116 148 125 142 138 104 170 169 190 111 114 173 159 187 113 157 128 146 160 118 189 191 188 143 156 136 161 184 168 115 147 105 155 195 162 103 112 153 197 175 192 123 171 179 132 186 185 193 194 141 181 109 163 134 126 150 172 130 145 107 200 122 166
27 187 104 122 155 144 184 121 142 154 158 106 183 196 145 124 175 143 127 129 193 159 169 111 165 128 148 138
51 161 198 188 123 126 108 138 169 110 159 173 148 131 194 121 189 132 125 164 111 145 107 124 168 151 181 149 182 193 119 165 199 152 133 177 175 178 172 127 186 192 195 137 112 162 117 147 154 109 115 128
95 153 129 132 174 156 160 155 192 190 121 162 130 179 107 199 141 188 145 151 116 157 166 193 136 115 176 161 147 184 120 198 148 168 126 196 191 189 167 113 183 122 123 143 118 195 114 135 109 171 138 144 200 110 186 163 142 170 119 164 173 146 133 131 177 178 182 154 181 140 106 139 111 112 134 194 128 127 108 169 185 180 158 150 149 117 175 124 197 187 137 159 152 165 172 125
26 138 186 139 195 145 135 153 177 124 196 148 174 165 154 116 164 169 166 183 146 113 194 173 123 151 140
59 163 110 188 169 158 112 139 124 128 194 145 137 125 166 114 184 122 199 117 175 144 162 170 149 142 154 195 190 156 121 178 153 171 148 197 187 159 155 183 180 141 127 130 200 129 133 119 173 185 118 167 140 143 179 160 182 135 150 161
68 133 153 154 114 120 131 183 176 123 167 179 151 163 199 139 192 198 182 134 171 200 157 169 186 180 140 122 113 187 135 144 197 172 161 174 150 119 189 152 142 185 175 195 160 184 117 111 112 181 190 164 141 191 109 178 129 156 130 110 121 149 147 165 193 158 162 168 136
91 182 191 166 150 136 175 178 155 154 125 118 157 117 147 193 192 186 169 194 162 165 196 181 137 197 115 174 183 110 167 119 171 160 172 121 140 139 180 176 124 156 151 158 131 133 177 164 143 179 129 142 188 111 130 148 138 149 114 152 123 134 163 126 135 120 195 127 116 132 159 173 170 146 122 112 190 128 200 161 189 185 199 187 198 113 153 141 184 145 168 144
85 195 130 183 117 153 126 173 145 144 112 111 194 146 116 166 175 114 148 172 140 133 197 159 138 119 193 168 155 122 135 147 115 139 188 199 123 151 152 125 161 192 141 178 191 165 132 189 120 177 136 127 137 164 128 186 176 121 169 171 156 118 150 134 142 124 174 162 154 158 129 170 149 143 163 157 182 180 131 187 185 198 190 160 113 167
6 198 113 142 127 168 176
8 169 115 191 157 198 133 126 132
48 161 151 133 144 124 141 116 142 163 184 162 183 148 179 160 174 181 137 147 153 190 191 155 135 169 172 156 158 130 200 185 170 157 138 198 146 173 132 193 120 199 188 187 139 125 182 129 165
36 170 179 199 178 181 173 193 194 162 175 139 190 134 128 171 186 167 145 185 137 188 187 129 142 166 133 195 135 180 174 149 168 116 121 154 123
36 152 128 142 156 134 135 198 138 139 167 186 149 125 147 141 199 183 182 176 155 168 150 137 129 187 192 180 190 121 117 188 122 159 131 179 175
84 174 131 189 137 195 162 161 117 183 124 127 187 121 120 169 199 134 186 152 184 158 140 194 133 193 170 173 132 166 150 181 190 157 185 129 191 147 188 160 148 149 154 159 151 179 172 155 119 198 128 168 197 200 176 144 126 165 177 167 139 180 171 196 142 138 135 192 182 178 146 156 153 175 163 125 145 122 164 118 136 143 141 130 123
21 146 163 147 139 195 130 128 194 178 126 119 187 162 150 135 122 131 172 192 161 129
1 192
60 130 135 185 151 172 190 148 137 131 180 193 171 169 184 162 200 191 167 145 143 120 122 179 142 154 176 163 182 144 165 196 170 168 164 128 140 141 129 124 153 183 192 157 173 199 139 189 187 175 195 158 174 177 121 150 136 126 123 161 147
61 143 174 134 146 164 141 170 191 160 180 128 136 158 165 197 133 163 183 157 151 129 188 144 148 135 194 168 179 161 124 176 150 139 153 159 187 140 178 182 173 125 147 145 193 122 123 169 132 137 131 172 130 127 195 156 186 196 152 175 199 192
23 186 175 187 128 197 127 192 200 138 136 167 152 191 180 198 168 142 139 178 141 183 137 190
3 182 124 135
35 127 196 144 160 168 169 138 191 147 177 171 139 195 199 170 129 180 130 151 157 174 162 173 136 188 131 167 135 146 184 161 142 149 152 125
33 156 140 190 175 144 189 173 199 193 136 157 148 163 129 187 147 178 192 149 137 169 125 181 127 130 146 191 164 162 141 166 168 171
14 161 177 158 129 190 164 179 162 152 197 140 174 182 155
5 186 171 136 131 188
15 155 143 150 153 176 175 191 189 200 199 165 145 134 197 131
45 155 153 158 182 200 135 186 196 190 162 199 173 171 193 175 194 130 136 142 144 152 174 188 169 145 166 177 129 143 132 149 179 137 198 180 170 146 168 178 140 197 154 195 147 184
48 141 154 150 160 156 191 175 162 135 194 188 198 151 133 130 131 189 146 148 145 167 134 196 143 199 144 168 137 161 187 184 173 164 163 149 166 159 158 174 178 136 180 200 139 190 183 170 169
35 134 148 146 199 179 140 135 174 147 160 153 165 159 132 169 175 173 139 194 193 168 150 138 178 184 200 136 176 164 191 185 131 171 163 154
69 180 136 194 142 156 195 176 160 132 172 173 168 166 149 161 164 189 200 144 170 155 158 178 138 179 150 181 139 186 197 145 198 184 152 147 159 175 143 169 191 199 171 165 157 154 133 137 148 177 193 134 196 185 188 135 187 146 151 163 153 162 141 174 192 167 182 183 190 140
54 168 166 133 159 170 173 169 176 157 163 187 171 148 184 185 146 182 139 142 195 150 135 186 151 134 178 149 153 183 155 141 181 192 161 140 162 180 147 145 164 156 174 138 144 179 137 197 167 160 177 154 189 136 158
60 179 140 170 176 200 144 177 161 164 139 135 191 169 185 154 196 138 145 171 181 188 162 160 151 159 186 190 189 192 183 148 163 199 175 155 197 194 158 143 150 193 184 142 178 134 165 187 172 173 147 153 174 195 166 156 168 157 136 141 167
27 173 170 161 156 145 182 135 152 192 144 193 143 187 162 137 160 186 189 165 194 185 178 167 180 150 166 190
12 178 188 142 165 181 160 169 195 154 166 151 137
64 200 152 199 183 155 164 140 153 174 156 168 193 146 170 148 144 145 139 173 165 150 163 149 192 171 137 181 158 185 188 187 195 159 154 175 151 178 161 190 197 143 189 176 169 191 138 166 196 167 186 147 179 184 162 194 160 157 198 142 180 182 172 141 177
63 173 159 149 151 160 188 182 152 165 198 193 141 162 192 139 178 144 199 191 161 189 169 154 147 179 170 166 184 187 155 146 153 158 195 150 172 174 177 167 181 164 156 190 148 186 176 138 194 143 157 180 168 185 163 196 183 175 145 142 197 171 200 140
62 155 159 190 197 174 161 191 141 178 184 168 162 156 151 149 196 192 173 150 188 198 148 164 180 194 193 176 153 170 144 195 200 172 171 143 183 169 147 181 152 177 187 199 145 142 139 165 186 175 160 166 140 157 163 146 185 189 167 182 179 154 158
61 187 164 151 168 140 176 193 177 147 163 194 149 156 141 199 143 148 200 153 183 198 191 150 169 158 166 179 195 144 157 172 159 161 178 171 175 167 160 145 182 146 142 181 188 162 154 192 185 155 184 152 170 190 186 174 197 189 180 173 165 196
8 191 185 175 163 196 172 188 190
59 156 148 154 171 187 186 183 174 173 150 144 192 172 196 146 157 158 142 190 170 200 189 184 163 180 167 182 161 164 162 153 176 175 152 169 178 188 160 168 195 151 166 147 198 179 165 194 177 193 197 159 191 199 143 149 185 181 155 145
52 169 179 185 147 161 173 151 194 172 186 188 174 150 153 143 176 167 156 144 189 166 146 157 164 198 158 155 152 181 190 200 163 183 199 196 191 162 145 192 165 170 160 193 184 175 187 178 154 182 148 177 168
49 183 194 196 192 187 170 169 199 157 189 158 182 160 188 191 151 179 176 166 154 172 149 180 193 178 153 190 167 181 197 195 164 144 177 198 171 200 165 168 152 147 186 163 173 161 162 148 175 159
44 166 182 146 199 189 190 185 176 187 169 170 181 150 178 161 173 163 160 164 192 198 191 152 174 183 197 175 180 193 162 196 156 167 177 188 165 145 147 186 158 151 179 168 171
37 154 183 173 175 180 152 171 187 177 156 188 164 195 179 158 199 155 192 157 149 185 189 172 151 150 196 181 194 148 161 146 162 190 193 163 153 191
10 192 158 169 171 193 164 147 149 190 168
41 168 190 158 185 197 155 183 177 162 166 153 172 179 163 191 187 184 161 189 192 200 181 180 195 194 188 199 196 173 182 150 160 170 149 198 174 167 157 171 152 178
52 172 162 157 164 149 151 184 161 156 167 153 194 186 165 152 176 155 160 178 185 170 190 181 197 191 159 182 179 163 158 200 154 192 166 189 171 180 183 198 187 150 188 199 175 193 173 168 177 169 195 174 196
51 174 194 156 196 151 164 187 186 154 160 197 199 167 185 191 195 163 173 152 165 157 180 183 189 155 178 170 184 177 162 176 182 175 161 192 198 171 153 193 200 190 169 179 166 181 159 168 188 158 172 150
7 159 182 176 177 168 184 166
